PEOU1;PEOU2;PEOU3;PEOU4;PEOU5;PU1;PU2;PU3;PU4;PU5;PE1;PE2;PE3;PE4;PE5;SI1;SI2;SI3;SI4;CSE1;CSE2;CSE3;CSE4;CSE5;PR1;PR2;PR3;PR4;BI1;BI2;BI3;BI4;AU1;AU2;AU3
2.000000000000;1.000000000000;2.000000000000;3.000000000000;3.000000000000;3.000000000000;1.000000000000;2.000000000000;2.000000000000;3.000000000000;2.000000000000;2.000000000000;1.000000000000;1.000000000000;2.000000000000;2.000000000000;3.000000000000;2.000000000000;2.000000000000;2.000000000000;3.000000000000;2.000000000000;2.000000000000;2.000000000000;3.000000000000;2.000000000000;2.000000000000;3.000000000000;2.000000000000;2.000000000000;2.000000000000;2.000000000000;2.000000000000;2.000000000000;2.000000000000
4.000000000000;4.000000000000;4.000000000000;4.000000000000;5.000000000000;4.000000000000;4.000000000000;4.000000000000;5.000000000000;4.000000000000;3.000000000000;3.000000000000;2.000000000000;3.000000000000;3.000000000000;3.000000000000;3.000000000000;3.000000000000;4.000000000000;4.000000000000;3.000000000000;3.000000000000;5.000000000000;4.000000000000;3.000000000000;3.000000000000;3.000000000000;3.000000000000;4.000000000000;5.000000000000;4.000000000000;5.000000000000;5.000000000000;4.000000000000;3.000000000000
3.000000000000;2.000000000000;2.000000000000;3.000000000000;3.000000000000;2.000000000000;2.000000000000;1.000000000000;2.000000000000;2.000000000000;3.000000000000;4.000000000000;2.000000000000;3.000000000000;4.000000000000;3.000000000000;2.000000000000;4.000000000000;3.000000000000;2.000000000000;3.000000000000;1.000000000000;3.000000000000;3.000000000000;3.000000000000;4.000000000000;4.000000000000;4.000000000000;2.000000000000;3.000000000000;3.000000000000;2.000000000000;2.000000000000;3.000000000000;3.000000000000
2.000000000000;2.000000000000;2.000000000000;1.000000000000;2.000000000000;3.000000000000;1.000000000000;2.000000000000;2.000000000000;3.000000000000;2.000000000000;4.000000000000;2.000000000000;3.000000000000;3.000000000000;3.000000000000;3.000000000000;3.000000000000;3.000000000000;2.000000000000;3.000000000000;2.000000000000;1.000000000000;2.000000000000;3.000000000000;5.000000000000;3.000000000000;4.000000000000;2.000000000000;2.000000000000;2.000000000000;1.000000000000;2.000000000000;2.000000000000;1.000000000000
3.000000000000;3.000000000000;5.000000000000;2.000000000000;3.000000000000;4.000000000000;3.000000000000;4.000000000000;4.000000000000;4.000000000000;3.000000000000;3.000000000000;2.000000000000;3.000000000000;4.000000000000;3.000000000000;3.000000000000;3.000000000000;4.000000000000;4.000000000000;4.000000000000;3.000000000000;3.000000000000;4.000000000000;4.000000000000;3.000000000000;4.000000000000;4.000000000000;3.000000000000;4.000000000000;3.000000000000;3.000000000000;4.000000000000;3.000000000000;3.000000000000
4.000000000000;4.000000000000;5.000000000000;4.000000000000;4.000000000000;4.000000000000;3.000000000000;4.000000000000;3.000000000000;3.000000000000;3.000000000000;4.000000000000;4.000000000000;4.000000000000;3.000000000000;3.000000000000;4.000000000000;3.000000000000;3.000000000000;4.000000000000;4.000000000000;5.000000000000;4.000000000000;4.000000000000;4.000000000000;3.000000000000;3.000000000000;3.000000000000;4.000000000000;3.000000000000;4.000000000000;3.000000000000;4.000000000000;3.000000000000;4.000000000000
3.000000000000;4.000000000000;5.000000000000;3.000000000000;4.000000000000;3.000000000000;3.000000000000;3.000000000000;2.000000000000;3.000000000000;3.000000000000;3.000000000000;3.000000000000;3.000000000000;2.000000000000;3.000000000000;3.000000000000;3.000000000000;2.000000000000;3.000000000000;3.000000000000;3.000000000000;3.000000000000;3.000000000000;3.000000000000;4.000000000000;3.000000000000;3.000000000000;2.000000000000;3.000000000000;2.000000000000;3.000000000000;2.000000000000;2.000000000000;1.000000000000
3.000000000000;4.000000000000;3.000000000000;3.000000000000;3.000000000000;3.000000000000;3.000000000000;3.000000000000;2.000000000000;2.000000000000;2.000000000000;2.000000000000;2.000000000000;3.000000000000;2.000000000000;3.000000000000;2.000000000000;2.000000000000;2.000000000000;4.000000000000;3.000000000000;3.000000000000;3.000000000000;3.000000000000;4.000000000000;4.000000000000;3.000000000000;4.000000000000;4.000000000000;3.000000000000;3.000000000000;3.000000000000;4.000000000000;3.000000000000;5.000000000000
2.000000000000;2.000000000000;4.000000000000;2.000000000000;3.000000000000;3.000000000000;2.000000000000;2.000000000000;2.000000000000;2.000000000000;3.000000000000;3.000000000000;2.000000000000;2.000000000000;2.000000000000;3.000000000000;3.000000000000;2.000000000000;3.000000000000;1.000000000000;2.000000000000;3.000000000000;1.000000000000;3.000000000000;3.000000000000;5.000000000000;2.000000000000;4.000000000000;4.000000000000;3.000000000000;3.000000000000;4.000000000000;3.000000000000;4.000000000000;3.000000000000
2.000000000000;3.000000000000;3.000000000000;3.000000000000;3.000000000000;3.000000000000;2.000000000000;3.000000000000;1.000000000000;2.000000000000;3.000000000000;4.000000000000;3.000000000000;3.000000000000;3.000000000000;3.000000000000;2.000000000000;3.000000000000;2.000000000000;2.000000000000;2.000000000000;3.000000000000;2.000000000000;3.000000000000;2.000000000000;4.000000000000;3.000000000000;4.000000000000;4.000000000000;4.000000000000;3.000000000000;4.000000000000;4.000000000000;3.000000000000;3.000000000000
2.000000000000;3.000000000000;2.000000000000;2.000000000000;3.000000000000;2.000000000000;1.000000000000;2.000000000000;3.000000000000;2.000000000000;2.000000000000;3.000000000000;2.000000000000;3.000000000000;4.000000000000;3.000000000000;3.000000000000;3.000000000000;3.000000000000;4.000000000000;2.000000000000;3.000000000000;2.000000000000;3.000000000000;2.000000000000;3.000000000000;4.000000000000;2.000000000000;2.000000000000;1.000000000000;2.000000000000;2.000000000000;3.000000000000;3.000000000000;4.000000000000
3.000000000000;2.000000000000;4.000000000000;3.000000000000;4.000000000000;3.000000000000;2.000000000000;3.000000000000;3.000000000000;4.000000000000;3.000000000000;3.000000000000;3.000000000000;3.000000000000;4.000000000000;3.000000000000;2.000000000000;3.000000000000;4.000000000000;4.000000000000;3.000000000000;4.000000000000;3.000000000000;3.000000000000;3.000000000000;2.000000000000;3.000000000000;2.000000000000;3.000000000000;3.000000000000;3.000000000000;2.000000000000;4.000000000000;3.000000000000;2.000000000000
3.000000000000;4.000000000000;4.000000000000;2.000000000000;3.000000000000;5.000000000000;2.000000000000;3.000000000000;3.000000000000;3.000000000000;2.000000000000;2.000000000000;1.000000000000;1.000000000000;2.000000000000;3.000000000000;3.000000000000;3.000000000000;3.000000000000;3.000000000000;4.000000000000;4.000000000000;3.000000000000;4.000000000000;2.000000000000;4.000000000000;3.000000000000;4.000000000000;3.000000000000;3.000000000000;3.000000000000;3.000000000000;4.000000000000;3.000000000000;4.000000000000
2.000000000000;2.000000000000;2.000000000000;2.000000000000;3.000000000000;4.000000000000;2.000000000000;4.000000000000;4.000000000000;3.000000000000;4.000000000000;4.000000000000;3.000000000000;3.000000000000;3.000000000000;3.000000000000;3.000000000000;5.000000000000;5.000000000000;4.000000000000;4.000000000000;4.000000000000;4.000000000000;3.000000000000;3.000000000000;4.000000000000;3.000000000000;3.000000000000;4.000000000000;4.000000000000;3.000000000000;4.000000000000;2.000000000000;2.000000000000;3.000000000000
3.000000000000;3.000000000000;3.000000000000;3.000000000000;4.000000000000;4.000000000000;4.000000000000;4.000000000000;4.000000000000;4.000000000000;2.000000000000;2.000000000000;1.000000000000;3.000000000000;2.000000000000;3.000000000000;3.000000000000;1.000000000000;2.000000000000;2.000000000000;3.000000000000;3.000000000000;2.000000000000;2.000000000000;3.000000000000;3.000000000000;2.000000000000;3.000000000000;3.000000000000;3.000000000000;3.000000000000;3.000000000000;4.000000000000;3.000000000000;4.000000000000
2.000000000000;2.000000000000;3.000000000000;3.000000000000;2.000000000000;5.000000000000;4.000000000000;3.000000000000;3.000000000000;4.000000000000;3.000000000000;3.000000000000;4.000000000000;4.000000000000;3.000000000000;5.000000000000;4.000000000000;4.000000000000;4.000000000000;3.000000000000;2.000000000000;3.000000000000;2.000000000000;1.000000000000;1.000000000000;3.000000000000;3.000000000000;2.000000000000;5.000000000000;4.000000000000;4.000000000000;3.000000000000;4.000000000000;4.000000000000;4.000000000000
4.000000000000;3.000000000000;4.000000000000;3.000000000000;3.000000000000;3.000000000000;5.000000000000;3.000000000000;4.000000000000;3.000000000000;3.000000000000;4.000000000000;2.000000000000;4.000000000000;3.000000000000;3.000000000000;4.000000000000;3.000000000000;3.000000000000;3.000000000000;3.000000000000;4.000000000000;3.000000000000;4.000000000000;2.000000000000;3.000000000000;3.000000000000;3.000000000000;3.000000000000;3.000000000000;3.000000000000;3.000000000000;4.000000000000;3.000000000000;5.000000000000
3.000000000000;4.000000000000;4.000000000000;3.000000000000;4.000000000000;4.000000000000;3.000000000000;4.000000000000;3.000000000000;3.000000000000;3.000000000000;4.000000000000;2.000000000000;2.000000000000;4.000000000000;3.000000000000;3.000000000000;3.000000000000;2.000000000000;4.000000000000;4.000000000000;3.000000000000;3.000000000000;2.000000000000;2.000000000000;3.000000000000;4.000000000000;3.000000000000;4.000000000000;3.000000000000;3.000000000000;4.000000000000;4.000000000000;3.000000000000;3.000000000000
2.000000000000;2.000000000000;3.000000000000;3.000000000000;2.000000000000;2.000000000000;1.000000000000;4.000000000000;3.000000000000;2.000000000000;3.000000000000;3.000000000000;2.000000000000;3.000000000000;3.000000000000;2.000000000000;3.000000000000;2.000000000000;3.000000000000;3.000000000000;2.000000000000;3.000000000000;3.000000000000;3.000000000000;3.000000000000;4.000000000000;3.000000000000;4.000000000000;3.000000000000;3.000000000000;3.000000000000;3.000000000000;2.000000000000;3.000000000000;3.000000000000
3.000000000000;3.000000000000;3.000000000000;1.000000000000;3.000000000000;2.000000000000;3.000000000000;4.000000000000;3.000000000000;3.000000000000;3.000000000000;4.000000000000;3.000000000000;3.000000000000;3.000000000000;3.000000000000;4.000000000000;4.000000000000;3.000000000000;2.000000000000;3.000000000000;3.000000000000;4.000000000000;4.000000000000;2.000000000000;4.000000000000;3.000000000000;3.000000000000;3.000000000000;3.000000000000;3.000000000000;2.000000000000;3.000000000000;3.000000000000;4.000000000000
3.000000000000;2.000000000000;4.000000000000;3.000000000000;4.000000000000;3.000000000000;2.000000000000;3.000000000000;2.000000000000;3.000000000000;3.000000000000;4.000000000000;3.000000000000;4.000000000000;3.000000000000;4.000000000000;4.000000000000;3.000000000000;4.000000000000;3.000000000000;4.000000000000;3.000000000000;3.000000000000;4.000000000000;3.000000000000;4.000000000000;4.000000000000;4.000000000000;3.000000000000;3.000000000000;3.000000000000;2.000000000000;3.000000000000;3.000000000000;3.000000000000
4.000000000000;2.000000000000;4.000000000000;2.000000000000;3.000000000000;4.000000000000;4.000000000000;4.000000000000;5.000000000000;3.000000000000;3.000000000000;3.000000000000;3.000000000000;4.000000000000;3.000000000000;2.000000000000;3.000000000000;3.000000000000;2.000000000000;3.000000000000;4.000000000000;2.000000000000;3.000000000000;3.000000000000;3.000000000000;4.000000000000;3.000000000000;4.000000000000;5.000000000000;4.000000000000;3.000000000000;3.000000000000;3.000000000000;2.000000000000;4.000000000000
2.000000000000;2.000000000000;2.000000000000;2.000000000000;3.000000000000;2.000000000000;1.000000000000;2.000000000000;2.000000000000;2.000000000000;4.000000000000;3.000000000000;2.000000000000;3.000000000000;3.000000000000;3.000000000000;4.000000000000;4.000000000000;3.000000000000;3.000000000000;3.000000000000;3.000000000000;2.000000000000;3.000000000000;3.000000000000;4.000000000000;3.000000000000;5.000000000000;3.000000000000;2.000000000000;1.000000000000;3.000000000000;1.000000000000;2.000000000000;3.000000000000
3.000000000000;2.000000000000;2.000000000000;1.000000000000;3.000000000000;3.000000000000;3.000000000000;4.000000000000;3.000000000000;4.000000000000;3.000000000000;4.000000000000;4.000000000000;4.000000000000;4.000000000000;4.000000000000;4.000000000000;3.000000000000;3.000000000000;4.000000000000;4.000000000000;4.000000000000;2.000000000000;3.000000000000;2.000000000000;2.000000000000;2.000000000000;2.000000000000;4.000000000000;5.000000000000;4.000000000000;4.000000000000;4.000000000000;3.000000000000;4.000000000000
4.000000000000;2.000000000000;3.000000000000;4.000000000000;4.000000000000;3.000000000000;3.000000000000;4.000000000000;2.000000000000;2.000000000000;2.000000000000;1.000000000000;2.000000000000;2.000000000000;3.000000000000;3.000000000000;3.000000000000;3.000000000000;2.000000000000;4.000000000000;4.000000000000;4.000000000000;3.000000000000;3.000000000000;3.000000000000;3.000000000000;3.000000000000;3.000000000000;4.000000000000;3.000000000000;2.000000000000;2.000000000000;2.000000000000;3.000000000000;3.000000000000
3.000000000000;2.000000000000;3.000000000000;3.000000000000;3.000000000000;4.000000000000;3.000000000000;4.000000000000;3.000000000000;3.000000000000;3.000000000000;4.000000000000;3.000000000000;3.000000000000;4.000000000000;3.000000000000;4.000000000000;4.000000000000;3.000000000000;4.000000000000;3.000000000000;4.000000000000;2.000000000000;4.000000000000;4.000000000000;3.000000000000;4.000000000000;4.000000000000;4.000000000000;4.000000000000;3.000000000000;3.000000000000;3.000000000000;3.000000000000;3.000000000000
2.000000000000;3.000000000000;4.000000000000;3.000000000000;3.000000000000;2.000000000000;2.000000000000;2.000000000000;3.000000000000;2.000000000000;3.000000000000;4.000000000000;2.000000000000;2.000000000000;2.000000000000;4.000000000000;5.000000000000;4.000000000000;4.000000000000;1.000000000000;3.000000000000;2.000000000000;2.000000000000;2.000000000000;3.000000000000;4.000000000000;3.000000000000;3.000000000000;4.000000000000;4.000000000000;4.000000000000;4.000000000000;4.000000000000;4.000000000000;3.000000000000
3.000000000000;3.000000000000;3.000000000000;1.000000000000;2.000000000000;3.000000000000;3.000000000000;3.000000000000;2.000000000000;3.000000000000;3.000000000000;4.000000000000;3.000000000000;4.000000000000;3.000000000000;3.000000000000;3.000000000000;3.000000000000;4.000000000000;2.000000000000;3.000000000000;3.000000000000;2.000000000000;3.000000000000;2.000000000000;3.000000000000;3.000000000000;2.000000000000;3.000000000000;2.000000000000;3.000000000000;3.000000000000;2.000000000000;1.000000000000;3.000000000000
3.000000000000;3.000000000000;2.000000000000;3.000000000000;3.000000000000;3.000000000000;3.000000000000;4.000000000000;2.000000000000;3.000000000000;2.000000000000;3.000000000000;2.000000000000;3.000000000000;3.000000000000;1.000000000000;3.000000000000;2.000000000000;1.000000000000;3.000000000000;3.000000000000;3.000000000000;2.000000000000;2.000000000000;2.000000000000;2.000000000000;3.000000000000;3.000000000000;3.000000000000;3.000000000000;3.000000000000;3.000000000000;4.000000000000;4.000000000000;4.000000000000
2.000000000000;1.000000000000;3.000000000000;3.000000000000;2.000000000000;3.000000000000;3.000000000000;2.000000000000;2.000000000000;3.000000000000;2.000000000000;3.000000000000;3.000000000000;2.000000000000;2.000000000000;3.000000000000;3.000000000000;4.000000000000;3.000000000000;1.000000000000;2.000000000000;3.000000000000;3.000000000000;2.000000000000;3.000000000000;3.000000000000;3.000000000000;4.000000000000;3.000000000000;3.000000000000;3.000000000000;4.000000000000;4.000000000000;4.000000000000;4.000000000000
2.000000000000;3.000000000000;2.000000000000;2.000000000000;3.000000000000;3.000000000000;2.000000000000;3.000000000000;3.000000000000;2.000000000000;5.000000000000;5.000000000000;4.000000000000;4.000000000000;4.000000000000;4.000000000000;3.000000000000;3.000000000000;4.000000000000;2.000000000000;2.000000000000;2.000000000000;2.000000000000;2.000000000000;2.000000000000;2.000000000000;2.000000000000;3.000000000000;4.000000000000;3.000000000000;3.000000000000;3.000000000000;3.000000000000;4.000000000000;4.000000000000
3.000000000000;3.000000000000;3.000000000000;2.000000000000;3.000000000000;3.000000000000;3.000000000000;3.000000000000;2.000000000000;1.000000000000;2.000000000000;3.000000000000;2.000000000000;2.000000000000;3.000000000000;1.000000000000;2.000000000000;2.000000000000;2.000000000000;2.000000000000;1.000000000000;1.000000000000;1.000000000000;2.000000000000;4.000000000000;5.000000000000;3.000000000000;4.000000000000;3.000000000000;4.000000000000;2.000000000000;3.000000000000;3.000000000000;3.000000000000;2.000000000000
4.000000000000;3.000000000000;4.000000000000;3.000000000000;3.000000000000;3.000000000000;4.000000000000;4.000000000000;2.000000000000;4.000000000000;1.000000000000;2.000000000000;2.000000000000;3.000000000000;2.000000000000;2.000000000000;3.000000000000;2.000000000000;2.000000000000;2.000000000000;3.000000000000;3.000000000000;2.000000000000;3.000000000000;2.000000000000;3.000000000000;2.000000000000;3.000000000000;4.000000000000;3.000000000000;3.000000000000;3.000000000000;4.000000000000;3.000000000000;4.000000000000
3.000000000000;2.000000000000;3.000000000000;3.000000000000;3.000000000000;3.000000000000;4.000000000000;3.000000000000;4.000000000000;4.000000000000;2.000000000000;2.000000000000;2.000000000000;3.000000000000;2.000000000000;3.000000000000;3.000000000000;3.000000000000;4.000000000000;3.000000000000;3.000000000000;4.000000000000;3.000000000000;3.000000000000;2.000000000000;4.000000000000;3.000000000000;3.000000000000;3.000000000000;4.000000000000;3.000000000000;3.000000000000;3.000000000000;3.000000000000;4.000000000000
2.000000000000;2.000000000000;3.000000000000;3.000000000000;2.000000000000;3.000000000000;3.000000000000;2.000000000000;2.000000000000;2.000000000000;1.000000000000;4.000000000000;2.000000000000;2.000000000000;3.000000000000;2.000000000000;3.000000000000;2.000000000000;2.000000000000;3.000000000000;4.000000000000;3.000000000000;3.000000000000;3.000000000000;3.000000000000;5.000000000000;4.000000000000;3.000000000000;3.000000000000;1.000000000000;2.000000000000;2.000000000000;2.000000000000;1.000000000000;3.000000000000
2.000000000000;2.000000000000;4.000000000000;3.000000000000;3.000000000000;2.000000000000;3.000000000000;2.000000000000;3.000000000000;2.000000000000;4.000000000000;3.000000000000;3.000000000000;2.000000000000;3.000000000000;3.000000000000;4.000000000000;4.000000000000;3.000000000000;3.000000000000;3.000000000000;3.000000000000;3.000000000000;2.000000000000;3.000000000000;4.000000000000;4.000000000000;3.000000000000;2.000000000000;2.000000000000;2.000000000000;2.000000000000;4.000000000000;3.000000000000;4.000000000000
4.000000000000;4.000000000000;4.000000000000;2.000000000000;3.000000000000;3.000000000000;3.000000000000;3.000000000000;4.000000000000;3.000000000000;3.000000000000;3.000000000000;2.000000000000;3.000000000000;4.000000000000;3.000000000000;3.000000000000;3.000000000000;2.000000000000;4.000000000000;4.000000000000;4.000000000000;3.000000000000;3.000000000000;3.000000000000;2.000000000000;3.000000000000;3.000000000000;4.000000000000;3.000000000000;4.000000000000;3.000000000000;2.000000000000;3.000000000000;2.000000000000
2.000000000000;3.000000000000;3.000000000000;4.000000000000;3.000000000000;2.000000000000;3.000000000000;2.000000000000;2.000000000000;2.000000000000;2.000000000000;3.000000000000;2.000000000000;2.000000000000;3.000000000000;3.000000000000;3.000000000000;3.000000000000;3.000000000000;4.000000000000;4.000000000000;4.000000000000;4.000000000000;3.000000000000;3.000000000000;3.000000000000;3.000000000000;3.000000000000;3.000000000000;3.000000000000;3.000000000000;4.000000000000;3.000000000000;3.000000000000;3.000000000000
3.000000000000;4.000000000000;5.000000000000;4.000000000000;4.000000000000;2.000000000000;2.000000000000;3.000000000000;4.000000000000;2.000000000000;5.000000000000;5.000000000000;5.000000000000;4.000000000000;5.000000000000;3.000000000000;4.000000000000;3.000000000000;3.000000000000;4.000000000000;4.000000000000;3.000000000000;3.000000000000;3.000000000000;4.000000000000;4.000000000000;4.000000000000;4.000000000000;3.000000000000;4.000000000000;2.000000000000;4.000000000000;3.000000000000;3.000000000000;3.000000000000
3.000000000000;3.000000000000;3.000000000000;2.000000000000;3.000000000000;3.000000000000;3.000000000000;4.000000000000;4.000000000000;3.000000000000;4.000000000000;4.000000000000;3.000000000000;3.000000000000;4.000000000000;4.000000000000;2.000000000000;3.000000000000;4.000000000000;4.000000000000;4.000000000000;4.000000000000;3.000000000000;3.000000000000;3.000000000000;5.000000000000;3.000000000000;4.000000000000;4.000000000000;3.000000000000;2.000000000000;4.000000000000;2.000000000000;3.000000000000;3.000000000000
3.000000000000;3.000000000000;4.000000000000;3.000000000000;2.000000000000;2.000000000000;3.000000000000;3.000000000000;4.000000000000;2.000000000000;2.000000000000;2.000000000000;1.000000000000;3.000000000000;2.000000000000;3.000000000000;4.000000000000;3.000000000000;3.000000000000;3.000000000000;3.000000000000;2.000000000000;2.000000000000;3.000000000000;2.000000000000;2.000000000000;3.000000000000;3.000000000000;2.000000000000;2.000000000000;2.000000000000;2.000000000000;1.000000000000;2.000000000000;2.000000000000
2.000000000000;3.000000000000;3.000000000000;2.000000000000;3.000000000000;2.000000000000;2.000000000000;2.000000000000;1.000000000000;1.000000000000;3.000000000000;4.000000000000;3.000000000000;2.000000000000;4.000000000000;2.000000000000;2.000000000000;3.000000000000;3.000000000000;3.000000000000;2.000000000000;3.000000000000;2.000000000000;3.000000000000;3.000000000000;3.000000000000;3.000000000000;4.000000000000;2.000000000000;2.000000000000;2.000000000000;1.000000000000;3.000000000000;2.000000000000;2.000000000000
2.000000000000;2.000000000000;2.000000000000;2.000000000000;2.000000000000;1.000000000000;2.000000000000;3.000000000000;2.000000000000;3.000000000000;2.000000000000;3.000000000000;2.000000000000;2.000000000000;2.000000000000;2.000000000000;1.000000000000;2.000000000000;1.000000000000;2.000000000000;3.000000000000;3.000000000000;2.000000000000;3.000000000000;2.000000000000;3.000000000000;3.000000000000;1.000000000000;3.000000000000;3.000000000000;2.000000000000;1.000000000000;4.000000000000;3.000000000000;3.000000000000
5.000000000000;4.000000000000;3.000000000000;3.000000000000;3.000000000000;4.000000000000;4.000000000000;4.000000000000;4.000000000000;4.000000000000;2.000000000000;2.000000000000;1.000000000000;2.000000000000;3.000000000000;5.000000000000;3.000000000000;4.000000000000;4.000000000000;3.000000000000;5.000000000000;3.000000000000;4.000000000000;4.000000000000;3.000000000000;4.000000000000;2.000000000000;3.000000000000;4.000000000000;4.000000000000;3.000000000000;4.000000000000;4.000000000000;3.000000000000;4.000000000000
3.000000000000;4.000000000000;5.000000000000;5.000000000000;4.000000000000;4.000000000000;3.000000000000;4.000000000000;3.000000000000;4.000000000000;3.000000000000;1.000000000000;2.000000000000;2.000000000000;1.000000000000;3.000000000000;2.000000000000;1.000000000000;2.000000000000;4.000000000000;3.000000000000;4.000000000000;4.000000000000;4.000000000000;2.000000000000;2.000000000000;3.000000000000;2.000000000000;3.000000000000;3.000000000000;2.000000000000;3.000000000000;2.000000000000;3.000000000000;3.000000000000
3.000000000000;4.000000000000;3.000000000000;3.000000000000;2.000000000000;3.000000000000;3.000000000000;3.000000000000;2.000000000000;1.000000000000;4.000000000000;4.000000000000;3.000000000000;4.000000000000;4.000000000000;3.000000000000;3.000000000000;4.000000000000;4.000000000000;4.000000000000;4.000000000000;3.000000000000;3.000000000000;3.000000000000;3.000000000000;4.000000000000;3.000000000000;4.000000000000;3.000000000000;3.000000000000;2.000000000000;2.000000000000;4.000000000000;4.000000000000;3.000000000000
2.000000000000;3.000000000000;4.000000000000;3.000000000000;4.000000000000;4.000000000000;4.000000000000;4.000000000000;4.000000000000;4.000000000000;4.000000000000;3.000000000000;3.000000000000;4.000000000000;3.000000000000;3.000000000000;3.000000000000;3.000000000000;4.000000000000;3.000000000000;3.000000000000;5.000000000000;3.000000000000;4.000000000000;3.000000000000;3.000000000000;3.000000000000;3.000000000000;3.000000000000;3.000000000000;3.000000000000;4.000000000000;3.000000000000;3.000000000000;4.000000000000
3.000000000000;3.000000000000;4.000000000000;2.000000000000;4.000000000000;3.000000000000;3.000000000000;3.000000000000;2.000000000000;3.000000000000;3.000000000000;3.000000000000;2.000000000000;2.000000000000;2.000000000000;2.000000000000;3.000000000000;2.000000000000;3.000000000000;3.000000000000;3.000000000000;4.000000000000;4.000000000000;3.000000000000;3.000000000000;4.000000000000;4.000000000000;3.000000000000;3.000000000000;2.000000000000;3.000000000000;3.000000000000;2.000000000000;2.000000000000;3.000000000000
3.000000000000;3.000000000000;3.000000000000;2.000000000000;4.000000000000;3.000000000000;3.000000000000;3.000000000000;2.000000000000;3.000000000000;5.000000000000;5.000000000000;4.000000000000;4.000000000000;4.000000000000;3.000000000000;3.000000000000;3.000000000000;3.000000000000;2.000000000000;3.000000000000;4.000000000000;3.000000000000;2.000000000000;2.000000000000;3.000000000000;2.000000000000;3.000000000000;4.000000000000;3.000000000000;3.000000000000;2.000000000000;3.000000000000;3.000000000000;4.000000000000
4.000000000000;3.000000000000;4.000000000000;2.000000000000;3.000000000000;4.000000000000;4.000000000000;4.000000000000;3.000000000000;3.000000000000;2.000000000000;2.000000000000;3.000000000000;3.000000000000;3.000000000000;5.000000000000;4.000000000000;4.000000000000;5.000000000000;2.000000000000;3.000000000000;3.000000000000;3.000000000000;2.000000000000;2.000000000000;2.000000000000;3.000000000000;3.000000000000;4.000000000000;3.000000000000;3.000000000000;4.000000000000;3.000000000000;5.000000000000;4.000000000000
3.000000000000;3.000000000000;4.000000000000;4.000000000000;4.000000000000;4.000000000000;4.000000000000;3.000000000000;3.000000000000;3.000000000000;3.000000000000;3.000000000000;3.000000000000;3.000000000000;2.000000000000;4.000000000000;2.000000000000;3.000000000000;2.000000000000;4.000000000000;4.000000000000;3.000000000000;3.000000000000;3.000000000000;3.000000000000;3.000000000000;3.000000000000;3.000000000000;4.000000000000;4.000000000000;3.000000000000;3.000000000000;2.000000000000;3.000000000000;2.000000000000
3.000000000000;2.000000000000;4.000000000000;2.000000000000;4.000000000000;4.000000000000;3.000000000000;4.000000000000;4.000000000000;4.000000000000;3.000000000000;4.000000000000;3.000000000000;4.000000000000;3.000000000000;3.000000000000;4.000000000000;2.000000000000;4.000000000000;3.000000000000;4.000000000000;3.000000000000;2.000000000000;4.000000000000;3.000000000000;3.000000000000;4.000000000000;3.000000000000;4.000000000000;4.000000000000;2.000000000000;3.000000000000;3.000000000000;3.000000000000;4.000000000000
3.000000000000;2.000000000000;3.000000000000;3.000000000000;3.000000000000;3.000000000000;3.000000000000;4.000000000000;2.000000000000;3.000000000000;3.000000000000;5.000000000000;3.000000000000;4.000000000000;4.000000000000;1.000000000000;2.000000000000;3.000000000000;2.000000000000;3.000000000000;3.000000000000;2.000000000000;3.000000000000;2.000000000000;3.000000000000;4.000000000000;3.000000000000;3.000000000000;3.000000000000;3.000000000000;2.000000000000;2.000000000000;1.000000000000;2.000000000000;2.000000000000
3.000000000000;4.000000000000;3.000000000000;3.000000000000;3.000000000000;4.000000000000;4.000000000000;3.000000000000;3.000000000000;3.000000000000;3.000000000000;3.000000000000;2.000000000000;4.000000000000;3.000000000000;2.000000000000;2.000000000000;3.000000000000;3.000000000000;5.000000000000;3.000000000000;4.000000000000;3.000000000000;3.000000000000;3.000000000000;1.000000000000;2.000000000000;2.000000000000;3.000000000000;2.000000000000;2.000000000000;3.000000000000;1.000000000000;3.000000000000;3.000000000000
2.000000000000;2.000000000000;3.000000000000;2.000000000000;2.000000000000;3.000000000000;3.000000000000;2.000000000000;2.000000000000;2.000000000000;2.000000000000;1.000000000000;2.000000000000;2.000000000000;3.000000000000;4.000000000000;3.000000000000;3.000000000000;4.000000000000;2.000000000000;2.000000000000;1.000000000000;2.000000000000;3.000000000000;3.000000000000;3.000000000000;2.000000000000;3.000000000000;4.000000000000;4.000000000000;4.000000000000;3.000000000000;4.000000000000;3.000000000000;4.000000000000
3.000000000000;2.000000000000;1.000000000000;3.000000000000;3.000000000000;2.000000000000;2.000000000000;2.000000000000;2.000000000000;2.000000000000;2.000000000000;3.000000000000;2.000000000000;3.000000000000;4.000000000000;4.000000000000;4.000000000000;4.000000000000;3.000000000000;4.000000000000;2.000000000000;2.000000000000;3.000000000000;3.000000000000;4.000000000000;4.000000000000;4.000000000000;4.000000000000;3.000000000000;3.000000000000;1.000000000000;2.000000000000;2.000000000000;2.000000000000;3.000000000000
3.000000000000;2.000000000000;2.000000000000;1.000000000000;3.000000000000;3.000000000000;2.000000000000;2.000000000000;3.000000000000;3.000000000000;4.000000000000;4.000000000000;4.000000000000;4.000000000000;4.000000000000;4.000000000000;3.000000000000;2.000000000000;2.000000000000;4.000000000000;3.000000000000;3.000000000000;3.000000000000;3.000000000000;4.000000000000;4.000000000000;3.000000000000;4.000000000000;2.000000000000;2.000000000000;3.000000000000;2.000000000000;4.000000000000;3.000000000000;4.000000000000
3.000000000000;3.000000000000;4.000000000000;3.000000000000;3.000000000000;3.000000000000;2.000000000000;3.000000000000;4.000000000000;4.000000000000;4.000000000000;4.000000000000;4.000000000000;5.000000000000;5.000000000000;3.000000000000;3.000000000000;4.000000000000;3.000000000000;2.000000000000;3.000000000000;2.000000000000;3.000000000000;3.000000000000;2.000000000000;4.000000000000;3.000000000000;4.000000000000;4.000000000000;4.000000000000;3.000000000000;4.000000000000;4.000000000000;3.000000000000;4.000000000000
1.000000000000;3.000000000000;3.000000000000;1.000000000000;1.000000000000;3.000000000000;2.000000000000;2.000000000000;3.000000000000;2.000000000000;4.000000000000;4.000000000000;4.000000000000;4.000000000000;3.000000000000;3.000000000000;2.000000000000;3.000000000000;3.000000000000;3.000000000000;3.000000000000;2.000000000000;2.000000000000;2.000000000000;3.000000000000;1.000000000000;2.000000000000;2.000000000000;3.000000000000;3.000000000000;2.000000000000;2.000000000000;3.000000000000;3.000000000000;3.000000000000
2.000000000000;1.000000000000;2.000000000000;3.000000000000;2.000000000000;2.000000000000;2.000000000000;3.000000000000;1.000000000000;3.000000000000;3.000000000000;3.000000000000;2.000000000000;4.000000000000;4.000000000000;3.000000000000;3.000000000000;2.000000000000;4.000000000000;1.000000000000;2.000000000000;2.000000000000;2.000000000000;2.000000000000;4.000000000000;4.000000000000;4.000000000000;4.000000000000;3.000000000000;3.000000000000;2.000000000000;2.000000000000;2.000000000000;3.000000000000;4.000000000000
3.000000000000;3.000000000000;3.000000000000;2.000000000000;4.000000000000;3.000000000000;3.000000000000;4.000000000000;3.000000000000;3.000000000000;1.000000000000;3.000000000000;2.000000000000;3.000000000000;4.000000000000;4.000000000000;3.000000000000;3.000000000000;3.000000000000;3.000000000000;4.000000000000;3.000000000000;3.000000000000;3.000000000000;2.000000000000;3.000000000000;3.000000000000;3.000000000000;3.000000000000;3.000000000000;2.000000000000;3.000000000000;2.000000000000;3.000000000000;2.000000000000
3.000000000000;3.000000000000;4.000000000000;2.000000000000;4.000000000000;4.000000000000;3.000000000000;4.000000000000;4.000000000000;4.000000000000;4.000000000000;4.000000000000;3.000000000000;3.000000000000;4.000000000000;2.000000000000;3.000000000000;4.000000000000;3.000000000000;2.000000000000;4.000000000000;3.000000000000;3.000000000000;2.000000000000;3.000000000000;2.000000000000;3.000000000000;1.000000000000;3.000000000000;4.000000000000;3.000000000000;2.000000000000;4.000000000000;3.000000000000;3.000000000000
3.000000000000;4.000000000000;3.000000000000;2.000000000000;3.000000000000;1.000000000000;2.000000000000;1.000000000000;1.000000000000;2.000000000000;3.000000000000;2.000000000000;3.000000000000;2.000000000000;3.000000000000;4.000000000000;4.000000000000;3.000000000000;4.000000000000;4.000000000000;4.000000000000;4.000000000000;3.000000000000;3.000000000000;4.000000000000;3.000000000000;3.000000000000;3.000000000000;3.000000000000;3.000000000000;3.000000000000;4.000000000000;3.000000000000;3.000000000000;3.000000000000
3.000000000000;3.000000000000;3.000000000000;3.000000000000;4.000000000000;3.000000000000;3.000000000000;2.000000000000;3.000000000000;2.000000000000;3.000000000000;4.000000000000;2.000000000000;2.000000000000;3.000000000000;3.000000000000;4.000000000000;3.000000000000;3.000000000000;5.000000000000;4.000000000000;4.000000000000;3.000000000000;3.000000000000;3.000000000000;4.000000000000;3.000000000000;4.000000000000;3.000000000000;3.000000000000;3.000000000000;3.000000000000;3.000000000000;3.000000000000;2.000000000000
3.000000000000;4.000000000000;4.000000000000;2.000000000000;3.000000000000;3.000000000000;2.000000000000;2.000000000000;2.000000000000;2.000000000000;2.000000000000;3.000000000000;1.000000000000;3.000000000000;3.000000000000;2.000000000000;3.000000000000;2.000000000000;4.000000000000;4.000000000000;4.000000000000;4.000000000000;4.000000000000;4.000000000000;3.000000000000;2.000000000000;3.000000000000;2.000000000000;4.000000000000;3.000000000000;3.000000000000;3.000000000000;2.000000000000;2.000000000000;3.000000000000
3.000000000000;4.000000000000;4.000000000000;3.000000000000;5.000000000000;4.000000000000;4.000000000000;3.000000000000;3.000000000000;3.000000000000;3.000000000000;3.000000000000;3.000000000000;3.000000000000;5.000000000000;4.000000000000;4.000000000000;3.000000000000;3.000000000000;3.000000000000;4.000000000000;4.000000000000;3.000000000000;2.000000000000;2.000000000000;2.000000000000;1.000000000000;1.000000000000;3.000000000000;3.000000000000;2.000000000000;2.000000000000;3.000000000000;3.000000000000;3.000000000000
2.000000000000;3.000000000000;3.000000000000;4.000000000000;4.000000000000;4.000000000000;4.000000000000;3.000000000000;4.000000000000;4.000000000000;1.000000000000;1.000000000000;2.000000000000;2.000000000000;2.000000000000;3.000000000000;4.000000000000;4.000000000000;3.000000000000;3.000000000000;2.000000000000;1.000000000000;2.000000000000;2.000000000000;2.000000000000;2.000000000000;2.000000000000;3.000000000000;4.000000000000;3.000000000000;2.000000000000;3.000000000000;4.000000000000;2.000000000000;3.000000000000
3.000000000000;3.000000000000;5.000000000000;4.000000000000;3.000000000000;3.000000000000;3.000000000000;4.000000000000;4.000000000000;3.000000000000;4.000000000000;4.000000000000;4.000000000000;4.000000000000;4.000000000000;2.000000000000;3.000000000000;2.000000000000;2.000000000000;4.000000000000;5.000000000000;4.000000000000;3.000000000000;3.000000000000;1.000000000000;2.000000000000;3.000000000000;4.000000000000;5.000000000000;4.000000000000;4.000000000000;3.000000000000;3.000000000000;4.000000000000;4.000000000000
3.000000000000;2.000000000000;4.000000000000;3.000000000000;3.000000000000;2.000000000000;4.000000000000;3.000000000000;3.000000000000;3.000000000000;3.000000000000;3.000000000000;3.000000000000;4.000000000000;3.000000000000;3.000000000000;3.000000000000;2.000000000000;3.000000000000;2.000000000000;3.000000000000;3.000000000000;3.000000000000;3.000000000000;2.000000000000;4.000000000000;4.000000000000;3.000000000000;2.000000000000;3.000000000000;1.000000000000;3.000000000000;3.000000000000;3.000000000000;4.000000000000
3.000000000000;4.000000000000;3.000000000000;3.000000000000;3.000000000000;3.000000000000;3.000000000000;2.000000000000;3.000000000000;2.000000000000;4.000000000000;4.000000000000;2.000000000000;4.000000000000;2.000000000000;3.000000000000;4.000000000000;4.000000000000;4.000000000000;3.000000000000;4.000000000000;4.000000000000;2.000000000000;3.000000000000;3.000000000000;4.000000000000;4.000000000000;4.000000000000;4.000000000000;3.000000000000;2.000000000000;4.000000000000;1.000000000000;3.000000000000;3.000000000000
4.000000000000;4.000000000000;4.000000000000;4.000000000000;4.000000000000;3.000000000000;4.000000000000;5.000000000000;3.000000000000;4.000000000000;3.000000000000;3.000000000000;2.000000000000;3.000000000000;3.000000000000;3.000000000000;3.000000000000;3.000000000000;3.000000000000;3.000000000000;5.000000000000;4.000000000000;3.000000000000;3.000000000000;3.000000000000;5.000000000000;3.000000000000;3.000000000000;3.000000000000;3.000000000000;4.000000000000;3.000000000000;2.000000000000;2.000000000000;3.000000000000
2.000000000000;3.000000000000;3.000000000000;2.000000000000;2.000000000000;3.000000000000;3.000000000000;3.000000000000;4.000000000000;3.000000000000;4.000000000000;4.000000000000;4.000000000000;3.000000000000;4.000000000000;3.000000000000;3.000000000000;2.000000000000;2.000000000000;3.000000000000;3.000000000000;4.000000000000;3.000000000000;3.000000000000;3.000000000000;3.000000000000;2.000000000000;1.000000000000;2.000000000000;2.000000000000;1.000000000000;1.000000000000;2.000000000000;1.000000000000;2.000000000000
3.000000000000;3.000000000000;3.000000000000;5.000000000000;3.000000000000;3.000000000000;1.000000000000;3.000000000000;2.000000000000;3.000000000000;3.000000000000;2.000000000000;2.000000000000;2.000000000000;3.000000000000;3.000000000000;2.000000000000;2.000000000000;3.000000000000;3.000000000000;3.000000000000;2.000000000000;2.000000000000;3.000000000000;2.000000000000;2.000000000000;2.000000000000;2.000000000000;2.000000000000;1.000000000000;1.000000000000;1.000000000000;2.000000000000;3.000000000000;3.000000000000
4.000000000000;3.000000000000;4.000000000000;2.000000000000;4.000000000000;4.000000000000;3.000000000000;2.000000000000;2.000000000000;2.000000000000;4.000000000000;3.000000000000;4.000000000000;4.000000000000;3.000000000000;3.000000000000;3.000000000000;3.000000000000;4.000000000000;4.000000000000;2.000000000000;3.000000000000;2.000000000000;3.000000000000;4.000000000000;5.000000000000;4.000000000000;4.000000000000;2.000000000000;2.000000000000;2.000000000000;3.000000000000;1.000000000000;2.000000000000;2.000000000000
3.000000000000;4.000000000000;4.000000000000;4.000000000000;3.000000000000;2.000000000000;2.000000000000;3.000000000000;1.000000000000;2.000000000000;2.000000000000;2.000000000000;3.000000000000;3.000000000000;2.000000000000;2.000000000000;3.000000000000;2.000000000000;2.000000000000;3.000000000000;4.000000000000;2.000000000000;3.000000000000;3.000000000000;4.000000000000;5.000000000000;4.000000000000;4.000000000000;3.000000000000;3.000000000000;3.000000000000;2.000000000000;4.000000000000;3.000000000000;4.000000000000
4.000000000000;3.000000000000;4.000000000000;4.000000000000;3.000000000000;2.000000000000;4.000000000000;4.000000000000;3.000000000000;3.000000000000;4.000000000000;3.000000000000;3.000000000000;3.000000000000;3.000000000000;2.000000000000;3.000000000000;2.000000000000;3.000000000000;5.000000000000;5.000000000000;4.000000000000;4.000000000000;4.000000000000;3.000000000000;5.000000000000;4.000000000000;5.000000000000;2.000000000000;3.000000000000;3.000000000000;2.000000000000;2.000000000000;2.000000000000;3.000000000000
3.000000000000;4.000000000000;3.000000000000;3.000000000000;2.000000000000;3.000000000000;3.000000000000;4.000000000000;3.000000000000;3.000000000000;4.000000000000;4.000000000000;3.000000000000;4.000000000000;5.000000000000;3.000000000000;2.000000000000;3.000000000000;3.000000000000;2.000000000000;3.000000000000;3.000000000000;1.000000000000;2.000000000000;3.000000000000;4.000000000000;3.000000000000;2.000000000000;5.000000000000;4.000000000000;3.000000000000;4.000000000000;4.000000000000;4.000000000000;4.000000000000
4.000000000000;4.000000000000;4.000000000000;4.000000000000;4.000000000000;4.000000000000;3.000000000000;3.000000000000;4.000000000000;2.000000000000;3.000000000000;3.000000000000;2.000000000000;3.000000000000;4.000000000000;4.000000000000;4.000000000000;3.000000000000;3.000000000000;4.000000000000;4.000000000000;3.000000000000;3.000000000000;5.000000000000;3.000000000000;3.000000000000;3.000000000000;5.000000000000;2.000000000000;3.000000000000;1.000000000000;3.000000000000;2.000000000000;2.000000000000;2.000000000000
3.000000000000;4.000000000000;4.000000000000;4.000000000000;4.000000000000;3.000000000000;3.000000000000;4.000000000000;2.000000000000;3.000000000000;3.000000000000;3.000000000000;2.000000000000;2.000000000000;3.000000000000;4.000000000000;2.000000000000;3.000000000000;2.000000000000;4.000000000000;4.000000000000;5.000000000000;3.000000000000;4.000000000000;4.000000000000;4.000000000000;4.000000000000;5.000000000000;3.000000000000;3.000000000000;2.000000000000;4.000000000000;4.000000000000;4.000000000000;3.000000000000
2.000000000000;2.000000000000;3.000000000000;2.000000000000;2.000000000000;3.000000000000;2.000000000000;3.000000000000;3.000000000000;4.000000000000;4.000000000000;5.000000000000;3.000000000000;3.000000000000;4.000000000000;2.000000000000;1.000000000000;1.000000000000;2.000000000000;1.000000000000;3.000000000000;3.000000000000;2.000000000000;2.000000000000;2.000000000000;2.000000000000;1.000000000000;2.000000000000;4.000000000000;3.000000000000;2.000000000000;3.000000000000;2.000000000000;2.000000000000;4.000000000000
2.000000000000;3.000000000000;3.000000000000;2.000000000000;4.000000000000;3.000000000000;3.000000000000;4.000000000000;3.000000000000;4.000000000000;3.000000000000;2.000000000000;3.000000000000;3.000000000000;3.000000000000;4.000000000000;3.000000000000;4.000000000000;4.000000000000;2.000000000000;3.000000000000;2.000000000000;3.000000000000;3.000000000000;4.000000000000;5.000000000000;4.000000000000;3.000000000000;3.000000000000;3.000000000000;4.000000000000;4.000000000000;2.000000000000;3.000000000000;3.000000000000
2.000000000000;4.000000000000;3.000000000000;1.000000000000;3.000000000000;3.000000000000;3.000000000000;3.000000000000;3.000000000000;4.000000000000;4.000000000000;4.000000000000;3.000000000000;4.000000000000;4.000000000000;3.000000000000;3.000000000000;3.000000000000;3.000000000000;3.000000000000;4.000000000000;3.000000000000;3.000000000000;3.000000000000;4.000000000000;5.000000000000;5.000000000000;4.000000000000;4.000000000000;4.000000000000;3.000000000000;4.000000000000;4.000000000000;3.000000000000;5.000000000000
2.000000000000;3.000000000000;2.000000000000;2.000000000000;2.000000000000;3.000000000000;2.000000000000;3.000000000000;2.000000000000;2.000000000000;3.000000000000;3.000000000000;1.000000000000;2.000000000000;2.000000000000;3.000000000000;2.000000000000;2.000000000000;2.000000000000;3.000000000000;2.000000000000;3.000000000000;3.000000000000;2.000000000000;3.000000000000;3.000000000000;3.000000000000;3.000000000000;3.000000000000;3.000000000000;3.000000000000;2.000000000000;3.000000000000;3.000000000000;3.000000000000
1.000000000000;2.000000000000;2.000000000000;3.000000000000;2.000000000000;3.000000000000;2.000000000000;3.000000000000;3.000000000000;2.000000000000;2.000000000000;3.000000000000;3.000000000000;2.000000000000;2.000000000000;3.000000000000;4.000000000000;2.000000000000;2.000000000000;3.000000000000;3.000000000000;1.000000000000;2.000000000000;2.000000000000;3.000000000000;4.000000000000;3.000000000000;3.000000000000;3.000000000000;3.000000000000;2.000000000000;1.000000000000;3.000000000000;3.000000000000;3.000000000000
2.000000000000;1.000000000000;2.000000000000;2.000000000000;2.000000000000;3.000000000000;3.000000000000;4.000000000000;3.000000000000;4.000000000000;3.000000000000;3.000000000000;3.000000000000;4.000000000000;4.000000000000;3.000000000000;3.000000000000;3.000000000000;3.000000000000;2.000000000000;2.000000000000;3.000000000000;2.000000000000;3.000000000000;3.000000000000;3.000000000000;4.000000000000;3.000000000000;4.000000000000;3.000000000000;2.000000000000;3.000000000000;5.000000000000;4.000000000000;4.000000000000
3.000000000000;4.000000000000;3.000000000000;2.000000000000;3.000000000000;4.000000000000;4.000000000000;4.000000000000;4.000000000000;3.000000000000;4.000000000000;3.000000000000;3.000000000000;3.000000000000;3.000000000000;4.000000000000;4.000000000000;4.000000000000;4.000000000000;3.000000000000;3.000000000000;3.000000000000;2.000000000000;3.000000000000;3.000000000000;3.000000000000;3.000000000000;2.000000000000;4.000000000000;4.000000000000;4.000000000000;4.000000000000;3.000000000000;2.000000000000;4.000000000000
2.000000000000;2.000000000000;3.000000000000;3.000000000000;4.000000000000;3.000000000000;4.000000000000;2.000000000000;3.000000000000;4.000000000000;2.000000000000;3.000000000000;3.000000000000;2.000000000000;3.000000000000;3.000000000000;3.000000000000;4.000000000000;3.000000000000;2.000000000000;3.000000000000;2.000000000000;2.000000000000;2.000000000000;3.000000000000;3.000000000000;3.000000000000;4.000000000000;3.000000000000;4.000000000000;4.000000000000;3.000000000000;3.000000000000;2.000000000000;4.000000000000
4.000000000000;3.000000000000;3.000000000000;4.000000000000;5.000000000000;4.000000000000;5.000000000000;5.000000000000;5.000000000000;4.000000000000;4.000000000000;4.000000000000;4.000000000000;5.000000000000;5.000000000000;3.000000000000;4.000000000000;4.000000000000;3.000000000000;4.000000000000;3.000000000000;5.000000000000;3.000000000000;4.000000000000;4.000000000000;4.000000000000;3.000000000000;3.000000000000;5.000000000000;5.000000000000;5.000000000000;4.000000000000;3.000000000000;4.000000000000;4.000000000000
4.000000000000;4.000000000000;4.000000000000;4.000000000000;4.000000000000;2.000000000000;2.000000000000;3.000000000000;2.000000000000;2.000000000000;3.000000000000;4.000000000000;3.000000000000;3.000000000000;3.000000000000;3.000000000000;4.000000000000;3.000000000000;3.000000000000;3.000000000000;4.000000000000;5.000000000000;3.000000000000;3.000000000000;2.000000000000;2.000000000000;3.000000000000;3.000000000000;2.000000000000;3.000000000000;2.000000000000;3.000000000000;2.000000000000;3.000000000000;3.000000000000
2.000000000000;3.000000000000;4.000000000000;4.000000000000;4.000000000000;4.000000000000;3.000000000000;4.000000000000;3.000000000000;3.000000000000;2.000000000000;2.000000000000;2.000000000000;3.000000000000;2.000000000000;4.000000000000;4.000000000000;4.000000000000;3.000000000000;3.000000000000;4.000000000000;4.000000000000;3.000000000000;2.000000000000;3.000000000000;3.000000000000;3.000000000000;3.000000000000;3.000000000000;3.000000000000;2.000000000000;2.000000000000;3.000000000000;2.000000000000;3.000000000000
4.000000000000;3.000000000000;4.000000000000;5.000000000000;3.000000000000;3.000000000000;3.000000000000;3.000000000000;1.000000000000;2.000000000000;3.000000000000;3.000000000000;2.000000000000;4.000000000000;2.000000000000;2.000000000000;2.000000000000;1.000000000000;2.000000000000;3.000000000000;2.000000000000;3.000000000000;2.000000000000;2.000000000000;2.000000000000;3.000000000000;3.000000000000;4.000000000000;3.000000000000;3.000000000000;2.000000000000;2.000000000000;4.000000000000;4.000000000000;3.000000000000
4.000000000000;4.000000000000;4.000000000000;4.000000000000;5.000000000000;4.000000000000;4.000000000000;3.000000000000;3.000000000000;3.000000000000;2.000000000000;2.000000000000;3.000000000000;3.000000000000;2.000000000000;4.000000000000;4.000000000000;3.000000000000;3.000000000000;3.000000000000;3.000000000000;2.000000000000;1.000000000000;2.000000000000;3.000000000000;2.000000000000;3.000000000000;3.000000000000;3.000000000000;4.000000000000;3.000000000000;3.000000000000;3.000000000000;3.000000000000;4.000000000000
4.000000000000;3.000000000000;4.000000000000;4.000000000000;4.000000000000;3.000000000000;3.000000000000;3.000000000000;3.000000000000;2.000000000000;3.000000000000;4.000000000000;2.000000000000;4.000000000000;4.000000000000;3.000000000000;4.000000000000;4.000000000000;4.000000000000;4.000000000000;4.000000000000;3.000000000000;3.000000000000;3.000000000000;2.000000000000;3.000000000000;3.000000000000;3.000000000000;4.000000000000;4.000000000000;3.000000000000;4.000000000000;3.000000000000;4.000000000000;5.000000000000
3.000000000000;3.000000000000;2.000000000000;3.000000000000;3.000000000000;2.000000000000;3.000000000000;2.000000000000;3.000000000000;3.000000000000;3.000000000000;3.000000000000;2.000000000000;2.000000000000;3.000000000000;2.000000000000;2.000000000000;3.000000000000;3.000000000000;3.000000000000;2.000000000000;1.000000000000;2.000000000000;3.000000000000;3.000000000000;3.000000000000;3.000000000000;3.000000000000;5.000000000000;3.000000000000;3.000000000000;3.000000000000;3.000000000000;2.000000000000;3.000000000000
1.000000000000;4.000000000000;4.000000000000;3.000000000000;4.000000000000;2.000000000000;2.000000000000;4.000000000000;2.000000000000;2.000000000000;3.000000000000;3.000000000000;3.000000000000;3.000000000000;4.000000000000;3.000000000000;2.000000000000;3.000000000000;2.000000000000;4.000000000000;3.000000000000;2.000000000000;3.000000000000;3.000000000000;4.000000000000;4.000000000000;5.000000000000;4.000000000000;2.000000000000;3.000000000000;3.000000000000;2.000000000000;3.000000000000;3.000000000000;4.000000000000
1.000000000000;2.000000000000;4.000000000000;1.000000000000;2.000000000000;4.000000000000;3.000000000000;4.000000000000;2.000000000000;2.000000000000;4.000000000000;3.000000000000;3.000000000000;4.000000000000;3.000000000000;2.000000000000;4.000000000000;4.000000000000;3.000000000000;2.000000000000;1.000000000000;2.000000000000;2.000000000000;3.000000000000;3.000000000000;4.000000000000;3.000000000000;3.000000000000;5.000000000000;3.000000000000;3.000000000000;4.000000000000;3.000000000000;3.000000000000;4.000000000000
2.000000000000;2.000000000000;4.000000000000;3.000000000000;4.000000000000;2.000000000000;3.000000000000;3.000000000000;3.000000000000;2.000000000000;2.000000000000;2.000000000000;2.000000000000;3.000000000000;3.000000000000;3.000000000000;3.000000000000;3.000000000000;3.000000000000;2.000000000000;2.000000000000;1.000000000000;2.000000000000;2.000000000000;3.000000000000;4.000000000000;3.000000000000;3.000000000000;3.000000000000;3.000000000000;4.000000000000;3.000000000000;3.000000000000;3.000000000000;3.000000000000
4.000000000000;4.000000000000;3.000000000000;4.000000000000;5.000000000000;2.000000000000;3.000000000000;4.000000000000;3.000000000000;3.000000000000;2.000000000000;3.000000000000;3.000000000000;3.000000000000;2.000000000000;2.000000000000;2.000000000000;2.000000000000;3.000000000000;3.000000000000;4.000000000000;4.000000000000;4.000000000000;4.000000000000;3.000000000000;4.000000000000;4.000000000000;3.000000000000;3.000000000000;4.000000000000;3.000000000000;3.000000000000;4.000000000000;4.000000000000;4.000000000000
3.000000000000;3.000000000000;2.000000000000;3.000000000000;3.000000000000;3.000000000000;2.000000000000;4.000000000000;2.000000000000;3.000000000000;5.000000000000;4.000000000000;3.000000000000;4.000000000000;4.000000000000;4.000000000000;3.000000000000;3.000000000000;3.000000000000;3.000000000000;4.000000000000;4.000000000000;2.000000000000;3.000000000000;3.000000000000;3.000000000000;4.000000000000;3.000000000000;3.000000000000;3.000000000000;2.000000000000;3.000000000000;3.000000000000;2.000000000000;2.000000000000
3.000000000000;4.000000000000;1.000000000000;3.000000000000;4.000000000000;4.000000000000;3.000000000000;3.000000000000;2.000000000000;3.000000000000;4.000000000000;4.000000000000;2.000000000000;4.000000000000;3.000000000000;3.000000000000;2.000000000000;3.000000000000;3.000000000000;3.000000000000;2.000000000000;2.000000000000;3.000000000000;3.000000000000;3.000000000000;4.000000000000;3.000000000000;2.000000000000;4.000000000000;3.000000000000;3.000000000000;3.000000000000;5.000000000000;4.000000000000;4.000000000000
2.000000000000;3.000000000000;4.000000000000;3.000000000000;3.000000000000;3.000000000000;4.000000000000;3.000000000000;2.000000000000;3.000000000000;3.000000000000;4.000000000000;2.000000000000;4.000000000000;3.000000000000;2.000000000000;3.000000000000;1.000000000000;2.000000000000;3.000000000000;2.000000000000;3.000000000000;3.000000000000;2.000000000000;3.000000000000;4.000000000000;3.000000000000;2.000000000000;4.000000000000;4.000000000000;4.000000000000;4.000000000000;4.000000000000;3.000000000000;3.000000000000
3.000000000000;3.000000000000;2.000000000000;2.000000000000;3.000000000000;3.000000000000;3.000000000000;2.000000000000;1.000000000000;2.000000000000;5.000000000000;4.000000000000;3.000000000000;3.000000000000;5.000000000000;2.000000000000;3.000000000000;3.000000000000;2.000000000000;3.000000000000;5.000000000000;4.000000000000;3.000000000000;3.000000000000;3.000000000000;3.000000000000;3.000000000000;4.000000000000;2.000000000000;2.000000000000;2.000000000000;2.000000000000;2.000000000000;2.000000000000;3.000000000000
2.000000000000;3.000000000000;2.000000000000;2.000000000000;2.000000000000;4.000000000000;3.000000000000;4.000000000000;3.000000000000;2.000000000000;4.000000000000;3.000000000000;3.000000000000;3.000000000000;4.000000000000;3.000000000000;4.000000000000;3.000000000000;3.000000000000;3.000000000000;3.000000000000;3.000000000000;3.000000000000;3.000000000000;4.000000000000;4.000000000000;4.000000000000;4.000000000000;2.000000000000;2.000000000000;2.000000000000;3.000000000000;2.000000000000;1.000000000000;2.000000000000
3.000000000000;2.000000000000;3.000000000000;3.000000000000;5.000000000000;3.000000000000;3.000000000000;3.000000000000;2.000000000000;3.000000000000;2.000000000000;2.000000000000;2.000000000000;1.000000000000;2.000000000000;4.000000000000;4.000000000000;5.000000000000;4.000000000000;4.000000000000;4.000000000000;3.000000000000;3.000000000000;4.000000000000;3.000000000000;3.000000000000;3.000000000000;3.000000000000;2.000000000000;3.000000000000;2.000000000000;3.000000000000;3.000000000000;3.000000000000;3.000000000000
2.000000000000;5.000000000000;4.000000000000;3.000000000000;4.000000000000;4.000000000000;3.000000000000;4.000000000000;3.000000000000;4.000000000000;2.000000000000;3.000000000000;3.000000000000;3.000000000000;4.000000000000;2.000000000000;3.000000000000;2.000000000000;2.000000000000;3.000000000000;4.000000000000;3.000000000000;3.000000000000;3.000000000000;3.000000000000;5.000000000000;5.000000000000;4.000000000000;4.000000000000;4.000000000000;3.000000000000;3.000000000000;3.000000000000;3.000000000000;4.000000000000
4.000000000000;4.000000000000;4.000000000000;5.000000000000;2.000000000000;3.000000000000;4.000000000000;4.000000000000;3.000000000000;4.000000000000;2.000000000000;4.000000000000;2.000000000000;4.000000000000;3.000000000000;3.000000000000;4.000000000000;3.000000000000;2.000000000000;3.000000000000;3.000000000000;2.000000000000;1.000000000000;3.000000000000;3.000000000000;4.000000000000;4.000000000000;4.000000000000;3.000000000000;3.000000000000;3.000000000000;2.000000000000;2.000000000000;2.000000000000;3.000000000000
3.000000000000;3.000000000000;4.000000000000;3.000000000000;4.000000000000;4.000000000000;2.000000000000;4.000000000000;1.000000000000;2.000000000000;2.000000000000;3.000000000000;1.000000000000;3.000000000000;3.000000000000;4.000000000000;3.000000000000;3.000000000000;3.000000000000;3.000000000000;5.000000000000;4.000000000000;4.000000000000;3.000000000000;3.000000000000;3.000000000000;3.000000000000;2.000000000000;3.000000000000;3.000000000000;3.000000000000;3.000000000000;3.000000000000;4.000000000000;3.000000000000
4.000000000000;3.000000000000;4.000000000000;3.000000000000;3.000000000000;3.000000000000;2.000000000000;3.000000000000;2.000000000000;2.000000000000;3.000000000000;2.000000000000;2.000000000000;3.000000000000;3.000000000000;3.000000000000;2.000000000000;3.000000000000;2.000000000000;2.000000000000;3.000000000000;3.000000000000;4.000000000000;3.000000000000;4.000000000000;4.000000000000;4.000000000000;5.000000000000;3.000000000000;3.000000000000;2.000000000000;3.000000000000;3.000000000000;2.000000000000;3.000000000000
2.000000000000;3.000000000000;3.000000000000;3.000000000000;3.000000000000;3.000000000000;2.000000000000;3.000000000000;2.000000000000;3.000000000000;4.000000000000;5.000000000000;4.000000000000;4.000000000000;3.000000000000;2.000000000000;2.000000000000;3.000000000000;3.000000000000;2.000000000000;2.000000000000;3.000000000000;2.000000000000;2.000000000000;3.000000000000;4.000000000000;3.000000000000;3.000000000000;3.000000000000;3.000000000000;3.000000000000;3.000000000000;3.000000000000;3.000000000000;3.000000000000
3.000000000000;2.000000000000;3.000000000000;2.000000000000;2.000000000000;2.000000000000;2.000000000000;2.000000000000;1.000000000000;3.000000000000;3.000000000000;4.000000000000;3.000000000000;3.000000000000;3.000000000000;2.000000000000;1.000000000000;1.000000000000;2.000000000000;2.000000000000;2.000000000000;2.000000000000;2.000000000000;2.000000000000;3.000000000000;3.000000000000;4.000000000000;4.000000000000;4.000000000000;3.000000000000;3.000000000000;2.000000000000;3.000000000000;1.000000000000;2.000000000000
3.000000000000;4.000000000000;2.000000000000;3.000000000000;3.000000000000;4.000000000000;4.000000000000;4.000000000000;3.000000000000;3.000000000000;2.000000000000;3.000000000000;2.000000000000;4.000000000000;3.000000000000;3.000000000000;3.000000000000;3.000000000000;3.000000000000;3.000000000000;4.000000000000;3.000000000000;3.000000000000;3.000000000000;3.000000000000;4.000000000000;4.000000000000;3.000000000000;3.000000000000;4.000000000000;2.000000000000;3.000000000000;3.000000000000;3.000000000000;4.000000000000
2.000000000000;3.000000000000;3.000000000000;3.000000000000;3.000000000000;3.000000000000;2.000000000000;2.000000000000;2.000000000000;3.000000000000;5.000000000000;3.000000000000;4.000000000000;3.000000000000;4.000000000000;2.000000000000;4.000000000000;3.000000000000;3.000000000000;4.000000000000;3.000000000000;3.000000000000;2.000000000000;3.000000000000;3.000000000000;3.000000000000;3.000000000000;4.000000000000;4.000000000000;4.000000000000;3.000000000000;3.000000000000;3.000000000000;3.000000000000;3.000000000000
3.000000000000;2.000000000000;3.000000000000;2.000000000000;3.000000000000;4.000000000000;3.000000000000;4.000000000000;4.000000000000;2.000000000000;2.000000000000;2.000000000000;3.000000000000;2.000000000000;3.000000000000;2.000000000000;3.000000000000;1.000000000000;2.000000000000;3.000000000000;4.000000000000;4.000000000000;2.000000000000;3.000000000000;2.000000000000;2.000000000000;2.000000000000;3.000000000000;4.000000000000;3.000000000000;3.000000000000;2.000000000000;2.000000000000;2.000000000000;2.000000000000
3.000000000000;3.000000000000;2.000000000000;3.000000000000;5.000000000000;4.000000000000;3.000000000000;4.000000000000;4.000000000000;3.000000000000;1.000000000000;3.000000000000;2.000000000000;3.000000000000;3.000000000000;3.000000000000;3.000000000000;3.000000000000;4.000000000000;5.000000000000;4.000000000000;5.000000000000;4.000000000000;4.000000000000;3.000000000000;4.000000000000;2.000000000000;4.000000000000;3.000000000000;4.000000000000;3.000000000000;3.000000000000;3.000000000000;4.000000000000;3.000000000000
2.000000000000;2.000000000000;2.000000000000;3.000000000000;3.000000000000;4.000000000000;4.000000000000;4.000000000000;3.000000000000;2.000000000000;2.000000000000;3.000000000000;2.000000000000;3.000000000000;3.000000000000;2.000000000000;3.000000000000;3.000000000000;3.000000000000;3.000000000000;4.000000000000;4.000000000000;3.000000000000;3.000000000000;2.000000000000;2.000000000000;3.000000000000;2.000000000000;3.000000000000;3.000000000000;3.000000000000;4.000000000000;3.000000000000;3.000000000000;3.000000000000
2.000000000000;3.000000000000;3.000000000000;2.000000000000;3.000000000000;3.000000000000;2.000000000000;4.000000000000;4.000000000000;3.000000000000;2.000000000000;3.000000000000;2.000000000000;2.000000000000;3.000000000000;3.000000000000;4.000000000000;3.000000000000;4.000000000000;3.000000000000;3.000000000000;3.000000000000;2.000000000000;3.000000000000;3.000000000000;3.000000000000;4.000000000000;4.000000000000;4.000000000000;3.000000000000;3.000000000000;2.000000000000;3.000000000000;2.000000000000;3.000000000000
4.000000000000;4.000000000000;4.000000000000;3.000000000000;4.000000000000;3.000000000000;3.000000000000;4.000000000000;3.000000000000;4.000000000000;2.000000000000;3.000000000000;2.000000000000;2.000000000000;3.000000000000;3.000000000000;3.000000000000;4.000000000000;4.000000000000;3.000000000000;3.000000000000;3.000000000000;3.000000000000;4.000000000000;3.000000000000;3.000000000000;3.000000000000;3.000000000000;2.000000000000;3.000000000000;3.000000000000;1.000000000000;3.000000000000;4.000000000000;3.000000000000
1.000000000000;2.000000000000;2.000000000000;1.000000000000;2.000000000000;3.000000000000;3.000000000000;1.000000000000;2.000000000000;2.000000000000;3.000000000000;3.000000000000;3.000000000000;3.000000000000;2.000000000000;4.000000000000;3.000000000000;3.000000000000;3.000000000000;2.000000000000;3.000000000000;2.000000000000;2.000000000000;3.000000000000;4.000000000000;4.000000000000;4.000000000000;4.000000000000;3.000000000000;3.000000000000;2.000000000000;3.000000000000;4.000000000000;3.000000000000;2.000000000000
1.000000000000;2.000000000000;3.000000000000;3.000000000000;3.000000000000;3.000000000000;3.000000000000;3.000000000000;3.000000000000;3.000000000000;3.000000000000;2.000000000000;2.000000000000;3.000000000000;3.000000000000;3.000000000000;3.000000000000;2.000000000000;2.000000000000;2.000000000000;3.000000000000;3.000000000000;1.000000000000;2.000000000000;2.000000000000;4.000000000000;4.000000000000;1.000000000000;5.000000000000;3.000000000000;3.000000000000;2.000000000000;3.000000000000;3.000000000000;3.000000000000
4.000000000000;1.000000000000;3.000000000000;2.000000000000;1.000000000000;3.000000000000;2.000000000000;3.000000000000;2.000000000000;2.000000000000;4.000000000000;3.000000000000;4.000000000000;4.000000000000;4.000000000000;3.000000000000;2.000000000000;2.000000000000;3.000000000000;2.000000000000;4.000000000000;3.000000000000;3.000000000000;3.000000000000;3.000000000000;4.000000000000;4.000000000000;2.000000000000;3.000000000000;3.000000000000;3.000000000000;3.000000000000;4.000000000000;3.000000000000;5.000000000000
3.000000000000;3.000000000000;3.000000000000;3.000000000000;4.000000000000;3.000000000000;3.000000000000;3.000000000000;2.000000000000;2.000000000000;2.000000000000;4.000000000000;3.000000000000;2.000000000000;3.000000000000;3.000000000000;3.000000000000;3.000000000000;4.000000000000;3.000000000000;3.000000000000;3.000000000000;3.000000000000;3.000000000000;3.000000000000;2.000000000000;2.000000000000;3.000000000000;2.000000000000;3.000000000000;3.000000000000;2.000000000000;2.000000000000;2.000000000000;4.000000000000
4.000000000000;5.000000000000;5.000000000000;4.000000000000;4.000000000000;4.000000000000;4.000000000000;5.000000000000;4.000000000000;4.000000000000;1.000000000000;3.000000000000;2.000000000000;1.000000000000;2.000000000000;3.000000000000;4.000000000000;4.000000000000;4.000000000000;4.000000000000;4.000000000000;3.000000000000;2.000000000000;4.000000000000;1.000000000000;2.000000000000;1.000000000000;2.000000000000;4.000000000000;4.000000000000;3.000000000000;4.000000000000;3.000000000000;4.000000000000;4.000000000000
4.000000000000;3.000000000000;3.000000000000;3.000000000000;3.000000000000;2.000000000000;3.000000000000;3.000000000000;3.000000000000;2.000000000000;2.000000000000;2.000000000000;1.000000000000;2.000000000000;2.000000000000;3.000000000000;3.000000000000;3.000000000000;3.000000000000;3.000000000000;3.000000000000;3.000000000000;3.000000000000;2.000000000000;4.000000000000;5.000000000000;4.000000000000;3.000000000000;2.000000000000;2.000000000000;3.000000000000;1.000000000000;2.000000000000;3.000000000000;3.000000000000
4.000000000000;4.000000000000;3.000000000000;3.000000000000;4.000000000000;4.000000000000;2.000000000000;3.000000000000;4.000000000000;3.000000000000;4.000000000000;3.000000000000;3.000000000000;3.000000000000;3.000000000000;2.000000000000;3.000000000000;2.000000000000;3.000000000000;3.000000000000;4.000000000000;4.000000000000;3.000000000000;4.000000000000;4.000000000000;4.000000000000;5.000000000000;3.000000000000;4.000000000000;3.000000000000;3.000000000000;4.000000000000;2.000000000000;2.000000000000;3.000000000000
3.000000000000;2.000000000000;3.000000000000;3.000000000000;2.000000000000;4.000000000000;3.000000000000;3.000000000000;2.000000000000;2.000000000000;3.000000000000;3.000000000000;2.000000000000;3.000000000000;3.000000000000;3.000000000000;2.000000000000;3.000000000000;3.000000000000;2.000000000000;1.000000000000;1.000000000000;2.000000000000;3.000000000000;3.000000000000;3.000000000000;3.000000000000;3.000000000000;1.000000000000;2.000000000000;1.000000000000;2.000000000000;1.000000000000;3.000000000000;3.000000000000
4.000000000000;4.000000000000;3.000000000000;4.000000000000;4.000000000000;2.000000000000;2.000000000000;2.000000000000;2.000000000000;3.000000000000;3.000000000000;3.000000000000;3.000000000000;4.000000000000;2.000000000000;2.000000000000;1.000000000000;1.000000000000;1.000000000000;4.000000000000;3.000000000000;3.000000000000;2.000000000000;3.000000000000;4.000000000000;4.000000000000;4.000000000000;5.000000000000;2.000000000000;2.000000000000;2.000000000000;2.000000000000;2.000000000000;2.000000000000;2.000000000000
3.000000000000;2.000000000000;3.000000000000;2.000000000000;2.000000000000;3.000000000000;3.000000000000;3.000000000000;2.000000000000;3.000000000000;3.000000000000;3.000000000000;3.000000000000;3.000000000000;3.000000000000;2.000000000000;2.000000000000;2.000000000000;3.000000000000;1.000000000000;2.000000000000;2.000000000000;2.000000000000;3.000000000000;3.000000000000;3.000000000000;2.000000000000;3.000000000000;4.000000000000;3.000000000000;3.000000000000;3.000000000000;4.000000000000;3.000000000000;4.000000000000
4.000000000000;3.000000000000;3.000000000000;2.000000000000;3.000000000000;3.000000000000;3.000000000000;4.000000000000;4.000000000000;3.000000000000;4.000000000000;3.000000000000;5.000000000000;3.000000000000;4.000000000000;3.000000000000;3.000000000000;3.000000000000;2.000000000000;5.000000000000;4.000000000000;3.000000000000;3.000000000000;3.000000000000;2.000000000000;3.000000000000;4.000000000000;4.000000000000;3.000000000000;4.000000000000;3.000000000000;3.000000000000;3.000000000000;3.000000000000;3.000000000000
2.000000000000;3.000000000000;3.000000000000;4.000000000000;4.000000000000;4.000000000000;3.000000000000;3.000000000000;2.000000000000;3.000000000000;4.000000000000;3.000000000000;3.000000000000;3.000000000000;3.000000000000;4.000000000000;3.000000000000;4.000000000000;5.000000000000;1.000000000000;3.000000000000;2.000000000000;2.000000000000;3.000000000000;3.000000000000;3.000000000000;3.000000000000;2.000000000000;4.000000000000;4.000000000000;3.000000000000;3.000000000000;3.000000000000;3.000000000000;3.000000000000
3.000000000000;3.000000000000;3.000000000000;2.000000000000;3.000000000000;3.000000000000;3.000000000000;4.000000000000;1.000000000000;3.000000000000;3.000000000000;4.000000000000;3.000000000000;3.000000000000;4.000000000000;3.000000000000;4.000000000000;4.000000000000;4.000000000000;3.000000000000;3.000000000000;3.000000000000;3.000000000000;3.000000000000;2.000000000000;3.000000000000;3.000000000000;3.000000000000;3.000000000000;2.000000000000;4.000000000000;3.000000000000;4.000000000000;3.000000000000;4.000000000000
2.000000000000;2.000000000000;4.000000000000;3.000000000000;4.000000000000;2.000000000000;2.000000000000;2.000000000000;3.000000000000;2.000000000000;2.000000000000;3.000000000000;2.000000000000;2.000000000000;4.000000000000;2.000000000000;2.000000000000;3.000000000000;2.000000000000;2.000000000000;5.000000000000;4.000000000000;3.000000000000;3.000000000000;2.000000000000;2.000000000000;2.000000000000;2.000000000000;4.000000000000;3.000000000000;3.000000000000;2.000000000000;4.000000000000;3.000000000000;3.000000000000
2.000000000000;4.000000000000;3.000000000000;3.000000000000;3.000000000000;2.000000000000;3.000000000000;3.000000000000;2.000000000000;3.000000000000;4.000000000000;3.000000000000;3.000000000000;4.000000000000;3.000000000000;3.000000000000;3.000000000000;2.000000000000;3.000000000000;3.000000000000;3.000000000000;3.000000000000;2.000000000000;2.000000000000;3.000000000000;3.000000000000;3.000000000000;3.000000000000;3.000000000000;3.000000000000;2.000000000000;3.000000000000;3.000000000000;3.000000000000;3.000000000000
4.000000000000;3.000000000000;4.000000000000;3.000000000000;3.000000000000;4.000000000000;3.000000000000;4.000000000000;3.000000000000;3.000000000000;5.000000000000;5.000000000000;3.000000000000;4.000000000000;4.000000000000;2.000000000000;2.000000000000;2.000000000000;1.000000000000;2.000000000000;3.000000000000;2.000000000000;2.000000000000;3.000000000000;3.000000000000;3.000000000000;3.000000000000;3.000000000000;3.000000000000;4.000000000000;3.000000000000;3.000000000000;2.000000000000;3.000000000000;4.000000000000
5.000000000000;4.000000000000;5.000000000000;4.000000000000;4.000000000000;3.000000000000;2.000000000000;3.000000000000;3.000000000000;3.000000000000;3.000000000000;3.000000000000;3.000000000000;3.000000000000;4.000000000000;2.000000000000;2.000000000000;2.000000000000;3.000000000000;4.000000000000;3.000000000000;4.000000000000;4.000000000000;4.000000000000;4.000000000000;4.000000000000;4.000000000000;5.000000000000;4.000000000000;4.000000000000;2.000000000000;3.000000000000;5.000000000000;4.000000000000;4.000000000000
5.000000000000;4.000000000000;4.000000000000;4.000000000000;5.000000000000;4.000000000000;3.000000000000;4.000000000000;4.000000000000;3.000000000000;3.000000000000;4.000000000000;3.000000000000;3.000000000000;4.000000000000;3.000000000000;4.000000000000;3.000000000000;4.000000000000;4.000000000000;3.000000000000;4.000000000000;3.000000000000;4.000000000000;3.000000000000;3.000000000000;3.000000000000;3.000000000000;3.000000000000;4.000000000000;3.000000000000;3.000000000000;3.000000000000;3.000000000000;3.000000000000
3.000000000000;2.000000000000;4.000000000000;3.000000000000;3.000000000000;2.000000000000;3.000000000000;3.000000000000;3.000000000000;3.000000000000;3.000000000000;3.000000000000;4.000000000000;3.000000000000;3.000000000000;2.000000000000;3.000000000000;3.000000000000;3.000000000000;4.000000000000;4.000000000000;4.000000000000;2.000000000000;3.000000000000;3.000000000000;3.000000000000;4.000000000000;2.000000000000;3.000000000000;2.000000000000;1.000000000000;3.000000000000;4.000000000000;3.000000000000;3.000000000000
2.000000000000;2.000000000000;3.000000000000;2.000000000000;3.000000000000;3.000000000000;5.000000000000;4.000000000000;3.000000000000;3.000000000000;4.000000000000;5.000000000000;4.000000000000;3.000000000000;4.000000000000;2.000000000000;2.000000000000;3.000000000000;3.000000000000;4.000000000000;4.000000000000;3.000000000000;3.000000000000;3.000000000000;4.000000000000;5.000000000000;3.000000000000;4.000000000000;2.000000000000;3.000000000000;4.000000000000;2.000000000000;1.000000000000;1.000000000000;2.000000000000
5.000000000000;5.000000000000;4.000000000000;3.000000000000;4.000000000000;4.000000000000;3.000000000000;3.000000000000;3.000000000000;3.000000000000;3.000000000000;4.000000000000;3.000000000000;4.000000000000;4.000000000000;2.000000000000;2.000000000000;3.000000000000;2.000000000000;3.000000000000;4.000000000000;4.000000000000;3.000000000000;3.000000000000;3.000000000000;4.000000000000;4.000000000000;4.000000000000;3.000000000000;2.000000000000;2.000000000000;3.000000000000;4.000000000000;3.000000000000;3.000000000000
2.000000000000;3.000000000000;3.000000000000;3.000000000000;4.000000000000;3.000000000000;4.000000000000;4.000000000000;3.000000000000;3.000000000000;4.000000000000;3.000000000000;3.000000000000;2.000000000000;4.000000000000;3.000000000000;3.000000000000;3.000000000000;3.000000000000;2.000000000000;2.000000000000;3.000000000000;2.000000000000;2.000000000000;2.000000000000;2.000000000000;3.000000000000;2.000000000000;4.000000000000;4.000000000000;4.000000000000;5.000000000000;4.000000000000;3.000000000000;3.000000000000
2.000000000000;3.000000000000;2.000000000000;1.000000000000;2.000000000000;4.000000000000;3.000000000000;3.000000000000;3.000000000000;4.000000000000;5.000000000000;4.000000000000;3.000000000000;4.000000000000;5.000000000000;3.000000000000;2.000000000000;2.000000000000;2.000000000000;3.000000000000;3.000000000000;2.000000000000;3.000000000000;2.000000000000;3.000000000000;3.000000000000;2.000000000000;4.000000000000;3.000000000000;3.000000000000;3.000000000000;2.000000000000;3.000000000000;4.000000000000;4.000000000000
3.000000000000;3.000000000000;3.000000000000;2.000000000000;4.000000000000;3.000000000000;3.000000000000;5.000000000000;4.000000000000;3.000000000000;3.000000000000;4.000000000000;3.000000000000;3.000000000000;3.000000000000;3.000000000000;4.000000000000;3.000000000000;3.000000000000;2.000000000000;4.000000000000;4.000000000000;3.000000000000;3.000000000000;2.000000000000;2.000000000000;2.000000000000;1.000000000000;4.000000000000;5.000000000000;4.000000000000;3.000000000000;4.000000000000;3.000000000000;4.000000000000
3.000000000000;3.000000000000;2.000000000000;2.000000000000;3.000000000000;3.000000000000;4.000000000000;3.000000000000;2.000000000000;2.000000000000;3.000000000000;4.000000000000;1.000000000000;3.000000000000;4.000000000000;3.000000000000;2.000000000000;3.000000000000;3.000000000000;4.000000000000;4.000000000000;4.000000000000;3.000000000000;4.000000000000;2.000000000000;2.000000000000;2.000000000000;3.000000000000;4.000000000000;3.000000000000;4.000000000000;4.000000000000;4.000000000000;4.000000000000;5.000000000000
3.000000000000;2.000000000000;3.000000000000;2.000000000000;5.000000000000;2.000000000000;3.000000000000;4.000000000000;3.000000000000;3.000000000000;2.000000000000;3.000000000000;3.000000000000;3.000000000000;2.000000000000;4.000000000000;4.000000000000;4.000000000000;4.000000000000;2.000000000000;1.000000000000;1.000000000000;2.000000000000;3.000000000000;3.000000000000;3.000000000000;2.000000000000;4.000000000000;4.000000000000;3.000000000000;4.000000000000;4.000000000000;3.000000000000;3.000000000000;3.000000000000
3.000000000000;2.000000000000;3.000000000000;2.000000000000;2.000000000000;5.000000000000;3.000000000000;4.000000000000;4.000000000000;3.000000000000;3.000000000000;3.000000000000;3.000000000000;3.000000000000;3.000000000000;3.000000000000;3.000000000000;4.000000000000;4.000000000000;2.000000000000;2.000000000000;2.000000000000;2.000000000000;2.000000000000;4.000000000000;5.000000000000;5.000000000000;4.000000000000;4.000000000000;3.000000000000;3.000000000000;2.000000000000;4.000000000000;3.000000000000;4.000000000000
3.000000000000;2.000000000000;4.000000000000;1.000000000000;2.000000000000;3.000000000000;3.000000000000;3.000000000000;2.000000000000;3.000000000000;4.000000000000;3.000000000000;3.000000000000;2.000000000000;4.000000000000;2.000000000000;3.000000000000;3.000000000000;3.000000000000;4.000000000000;3.000000000000;4.000000000000;3.000000000000;3.000000000000;3.000000000000;3.000000000000;4.000000000000;3.000000000000;4.000000000000;3.000000000000;3.000000000000;3.000000000000;3.000000000000;3.000000000000;3.000000000000
3.000000000000;2.000000000000;2.000000000000;3.000000000000;3.000000000000;3.000000000000;3.000000000000;3.000000000000;3.000000000000;2.000000000000;2.000000000000;4.000000000000;3.000000000000;3.000000000000;4.000000000000;2.000000000000;3.000000000000;2.000000000000;3.000000000000;3.000000000000;3.000000000000;3.000000000000;4.000000000000;4.000000000000;3.000000000000;2.000000000000;3.000000000000;2.000000000000;3.000000000000;3.000000000000;3.000000000000;3.000000000000;2.000000000000;3.000000000000;3.000000000000
2.000000000000;2.000000000000;2.000000000000;2.000000000000;3.000000000000;1.000000000000;3.000000000000;2.000000000000;2.000000000000;3.000000000000;4.000000000000;2.000000000000;3.000000000000;2.000000000000;3.000000000000;3.000000000000;2.000000000000;2.000000000000;2.000000000000;4.000000000000;4.000000000000;4.000000000000;3.000000000000;4.000000000000;4.000000000000;4.000000000000;4.000000000000;4.000000000000;2.000000000000;1.000000000000;2.000000000000;2.000000000000;4.000000000000;2.000000000000;4.000000000000
4.000000000000;3.000000000000;4.000000000000;3.000000000000;3.000000000000;4.000000000000;3.000000000000;5.000000000000;3.000000000000;5.000000000000;4.000000000000;4.000000000000;3.000000000000;4.000000000000;4.000000000000;3.000000000000;2.000000000000;2.000000000000;2.000000000000;3.000000000000;2.000000000000;3.000000000000;3.000000000000;2.000000000000;2.000000000000;1.000000000000;2.000000000000;2.000000000000;5.000000000000;5.000000000000;4.000000000000;3.000000000000;3.000000000000;3.000000000000;3.000000000000
3.000000000000;4.000000000000;5.000000000000;2.000000000000;3.000000000000;4.000000000000;4.000000000000;4.000000000000;4.000000000000;5.000000000000;5.000000000000;3.000000000000;2.000000000000;3.000000000000;4.000000000000;4.000000000000;3.000000000000;3.000000000000;4.000000000000;3.000000000000;4.000000000000;3.000000000000;3.000000000000;3.000000000000;2.000000000000;2.000000000000;2.000000000000;2.000000000000;4.000000000000;4.000000000000;3.000000000000;3.000000000000;3.000000000000;3.000000000000;3.000000000000
2.000000000000;1.000000000000;2.000000000000;2.000000000000;2.000000000000;3.000000000000;2.000000000000;4.000000000000;3.000000000000;3.000000000000;3.000000000000;3.000000000000;2.000000000000;3.000000000000;3.000000000000;3.000000000000;2.000000000000;3.000000000000;2.000000000000;2.000000000000;4.000000000000;4.000000000000;2.000000000000;2.000000000000;5.000000000000;4.000000000000;4.000000000000;3.000000000000;5.000000000000;3.000000000000;4.000000000000;3.000000000000;4.000000000000;3.000000000000;4.000000000000
2.000000000000;3.000000000000;3.000000000000;4.000000000000;2.000000000000;3.000000000000;3.000000000000;4.000000000000;4.000000000000;4.000000000000;5.000000000000;3.000000000000;3.000000000000;3.000000000000;4.000000000000;1.000000000000;3.000000000000;4.000000000000;5.000000000000;4.000000000000;3.000000000000;3.000000000000;3.000000000000;2.000000000000;2.000000000000;2.000000000000;2.000000000000;2.000000000000;4.000000000000;3.000000000000;4.000000000000;3.000000000000;4.000000000000;4.000000000000;4.000000000000
1.000000000000;3.000000000000;3.000000000000;2.000000000000;2.000000000000;2.000000000000;3.000000000000;3.000000000000;1.000000000000;2.000000000000;2.000000000000;3.000000000000;2.000000000000;3.000000000000;3.000000000000;1.000000000000;2.000000000000;3.000000000000;3.000000000000;2.000000000000;4.000000000000;3.000000000000;3.000000000000;2.000000000000;3.000000000000;3.000000000000;3.000000000000;3.000000000000;3.000000000000;3.000000000000;2.000000000000;2.000000000000;2.000000000000;3.000000000000;4.000000000000
1.000000000000;2.000000000000;3.000000000000;4.000000000000;3.000000000000;3.000000000000;1.000000000000;3.000000000000;3.000000000000;2.000000000000;4.000000000000;4.000000000000;2.000000000000;3.000000000000;2.000000000000;4.000000000000;3.000000000000;3.000000000000;3.000000000000;3.000000000000;3.000000000000;3.000000000000;3.000000000000;3.000000000000;4.000000000000;4.000000000000;4.000000000000;4.000000000000;2.000000000000;2.000000000000;2.000000000000;2.000000000000;2.000000000000;2.000000000000;3.000000000000
3.000000000000;2.000000000000;2.000000000000;2.000000000000;3.000000000000;2.000000000000;3.000000000000;3.000000000000;3.000000000000;3.000000000000;2.000000000000;3.000000000000;2.000000000000;3.000000000000;3.000000000000;3.000000000000;4.000000000000;3.000000000000;3.000000000000;2.000000000000;2.000000000000;2.000000000000;3.000000000000;3.000000000000;3.000000000000;4.000000000000;3.000000000000;5.000000000000;2.000000000000;3.000000000000;3.000000000000;2.000000000000;3.000000000000;3.000000000000;3.000000000000
1.000000000000;3.000000000000;4.000000000000;4.000000000000;3.000000000000;2.000000000000;3.000000000000;2.000000000000;2.000000000000;2.000000000000;3.000000000000;3.000000000000;3.000000000000;3.000000000000;3.000000000000;3.000000000000;2.000000000000;3.000000000000;4.000000000000;2.000000000000;2.000000000000;3.000000000000;3.000000000000;3.000000000000;3.000000000000;2.000000000000;3.000000000000;4.000000000000;1.000000000000;3.000000000000;2.000000000000;2.000000000000;2.000000000000;2.000000000000;3.000000000000
3.000000000000;3.000000000000;4.000000000000;3.000000000000;3.000000000000;2.000000000000;4.000000000000;4.000000000000;4.000000000000;4.000000000000;3.000000000000;3.000000000000;4.000000000000;3.000000000000;4.000000000000;2.000000000000;4.000000000000;3.000000000000;3.000000000000;2.000000000000;3.000000000000;3.000000000000;3.000000000000;3.000000000000;4.000000000000;4.000000000000;4.000000000000;3.000000000000;3.000000000000;2.000000000000;2.000000000000;3.000000000000;3.000000000000;3.000000000000;2.000000000000
1.000000000000;2.000000000000;3.000000000000;3.000000000000;3.000000000000;3.000000000000;3.000000000000;2.000000000000;4.000000000000;3.000000000000;3.000000000000;3.000000000000;4.000000000000;3.000000000000;4.000000000000;3.000000000000;3.000000000000;2.000000000000;2.000000000000;2.000000000000;2.000000000000;3.000000000000;3.000000000000;3.000000000000;3.000000000000;3.000000000000;4.000000000000;3.000000000000;3.000000000000;3.000000000000;2.000000000000;3.000000000000;2.000000000000;4.000000000000;4.000000000000
3.000000000000;3.000000000000;4.000000000000;2.000000000000;3.000000000000;3.000000000000;4.000000000000;4.000000000000;3.000000000000;2.000000000000;3.000000000000;3.000000000000;4.000000000000;4.000000000000;4.000000000000;1.000000000000;3.000000000000;3.000000000000;4.000000000000;1.000000000000;3.000000000000;4.000000000000;3.000000000000;3.000000000000;2.000000000000;3.000000000000;4.000000000000;3.000000000000;3.000000000000;3.000000000000;4.000000000000;3.000000000000;3.000000000000;3.000000000000;4.000000000000
3.000000000000;4.000000000000;3.000000000000;4.000000000000;3.000000000000;3.000000000000;3.000000000000;3.000000000000;2.000000000000;2.000000000000;3.000000000000;2.000000000000;2.000000000000;2.000000000000;3.000000000000;2.000000000000;2.000000000000;3.000000000000;3.000000000000;3.000000000000;3.000000000000;2.000000000000;3.000000000000;3.000000000000;3.000000000000;2.000000000000;3.000000000000;2.000000000000;2.000000000000;3.000000000000;3.000000000000;3.000000000000;3.000000000000;3.000000000000;3.000000000000
3.000000000000;4.000000000000;4.000000000000;3.000000000000;3.000000000000;3.000000000000;3.000000000000;3.000000000000;4.000000000000;4.000000000000;3.000000000000;2.000000000000;3.000000000000;4.000000000000;3.000000000000;3.000000000000;4.000000000000;3.000000000000;3.000000000000;3.000000000000;3.000000000000;2.000000000000;3.000000000000;3.000000000000;2.000000000000;3.000000000000;3.000000000000;4.000000000000;4.000000000000;3.000000000000;3.000000000000;3.000000000000;3.000000000000;3.000000000000;3.000000000000
3.000000000000;2.000000000000;2.000000000000;2.000000000000;4.000000000000;3.000000000000;3.000000000000;4.000000000000;4.000000000000;3.000000000000;4.000000000000;3.000000000000;3.000000000000;3.000000000000;3.000000000000;4.000000000000;3.000000000000;4.000000000000;3.000000000000;3.000000000000;4.000000000000;4.000000000000;4.000000000000;3.000000000000;3.000000000000;3.000000000000;4.000000000000;4.000000000000;3.000000000000;3.000000000000;4.000000000000;4.000000000000;3.000000000000;3.000000000000;4.000000000000
3.000000000000;3.000000000000;4.000000000000;4.000000000000;3.000000000000;3.000000000000;3.000000000000;4.000000000000;4.000000000000;4.000000000000;3.000000000000;3.000000000000;4.000000000000;4.000000000000;3.000000000000;3.000000000000;3.000000000000;4.000000000000;4.000000000000;4.000000000000;4.000000000000;3.000000000000;3.000000000000;4.000000000000;4.000000000000;4.000000000000;3.000000000000;4.000000000000;3.000000000000;3.000000000000;3.000000000000;4.000000000000;3.000000000000;4.000000000000;3.000000000000
3.000000000000;2.000000000000;2.000000000000;3.000000000000;3.000000000000;3.000000000000;2.000000000000;3.000000000000;3.000000000000;4.000000000000;3.000000000000;3.000000000000;4.000000000000;3.000000000000;3.000000000000;2.000000000000;3.000000000000;4.000000000000;3.000000000000;3.000000000000;2.000000000000;3.000000000000;3.000000000000;3.000000000000;3.000000000000;3.000000000000;3.000000000000;4.000000000000;3.000000000000;2.000000000000;2.000000000000;3.000000000000;3.000000000000;3.000000000000;4.000000000000
3.000000000000;3.000000000000;2.000000000000;3.000000000000;3.000000000000;2.000000000000;3.000000000000;3.000000000000;4.000000000000;3.000000000000;3.000000000000;3.000000000000;4.000000000000;3.000000000000;3.000000000000;3.000000000000;3.000000000000;4.000000000000;3.000000000000;3.000000000000;3.000000000000;4.000000000000;3.000000000000;4.000000000000;3.000000000000;3.000000000000;2.000000000000;3.000000000000;3.000000000000;4.000000000000;3.000000000000;4.000000000000;3.000000000000;3.000000000000;3.000000000000
3.000000000000;3.000000000000;2.000000000000;2.000000000000;2.000000000000;3.000000000000;3.000000000000;2.000000000000;2.000000000000;3.000000000000;3.000000000000;2.000000000000;3.000000000000;2.000000000000;3.000000000000;3.000000000000;3.000000000000;2.000000000000;3.000000000000;3.000000000000;2.000000000000;3.000000000000;2.000000000000;4.000000000000;3.000000000000;3.000000000000;2.000000000000;1.000000000000;3.000000000000;3.000000000000;2.000000000000;4.000000000000;2.000000000000;3.000000000000;4.000000000000
2.000000000000;3.000000000000;3.000000000000;4.000000000000;3.000000000000;3.000000000000;4.000000000000;3.000000000000;4.000000000000;3.000000000000;3.000000000000;4.000000000000;3.000000000000;3.000000000000;3.000000000000;3.000000000000;4.000000000000;3.000000000000;3.000000000000;3.000000000000;4.000000000000;3.000000000000;4.000000000000;3.000000000000;3.000000000000;3.000000000000;4.000000000000;3.000000000000;3.000000000000;3.000000000000;4.000000000000;3.000000000000;3.000000000000;4.000000000000;3.000000000000
3.000000000000;3.000000000000;4.000000000000;4.000000000000;4.000000000000;2.000000000000;3.000000000000;4.000000000000;3.000000000000;3.000000000000;2.000000000000;4.000000000000;4.000000000000;3.000000000000;3.000000000000;3.000000000000;2.000000000000;3.000000000000;4.000000000000;3.000000000000;3.000000000000;2.000000000000;4.000000000000;3.000000000000;3.000000000000;3.000000000000;2.000000000000;4.000000000000;1.000000000000;3.000000000000;3.000000000000;4.000000000000;3.000000000000;2.000000000000;4.000000000000
3.000000000000;2.000000000000;4.000000000000;4.000000000000;3.000000000000;2.000000000000;4.000000000000;3.000000000000;4.000000000000;4.000000000000;3.000000000000;4.000000000000;3.000000000000;3.000000000000;3.000000000000;2.000000000000;4.000000000000;3.000000000000;3.000000000000;4.000000000000;4.000000000000;3.000000000000;4.000000000000;4.000000000000;3.000000000000;2.000000000000;4.000000000000;2.000000000000;3.000000000000;4.000000000000;4.000000000000;4.000000000000;2.000000000000;2.000000000000;3.000000000000
